  0.0000000E+00  -76.07000     1
   11.25000      -76.07000     1
   22.50000      -76.07000     1
   33.75000      -76.07000     1
   45.00000      -76.07000     1
   56.25000      -76.07000     1
   67.50000      -76.07000     1
   78.75000      -76.07000     1
   90.00000      -76.07000     1
   101.2500      -76.07000     1
   112.5000      -76.07000     1
   123.7500      -76.07000     1
   135.0000      -76.07000     1
   146.2500      -76.07000     1
   157.5000      -76.07000     1
   168.7500      -76.07000     1
   180.0000      -76.07000     1
   191.2500      -76.07000     1
   202.5000      -76.07000     1
   213.7500      -76.07000     1
   225.0000      -76.07000     1
   236.2500      -76.07000     1
   247.5000      -76.07000     1
   258.7500      -76.07000     1
   270.0000      -76.07000     1
   281.2500      -76.07000     1
   292.5000      -76.07000     1
   303.7500      -76.07000     1
   315.0000      -76.07000     1
   326.2500      -76.07000     1
   337.5000      -76.07000     1
   348.7500      -76.07000     1
  0.0000000E+00  -64.94200     1
   11.25000      -64.94200     1
   22.50000      -64.94200     1
   33.75000      -64.94200     1
   45.00000      -64.94200     1
   56.25000      -64.94200     1
   67.50000      -64.94200     1
   78.75000      -64.94200     1
   90.00000      -64.94200     1
   101.2500      -64.94200     1
   112.5000      -64.94200     1
   123.7500      -64.94200     1
   135.0000      -64.94200     1
   146.2500      -64.94200     1
   157.5000      -64.94200     1
   168.7500      -64.94200     1
   180.0000      -64.94200     1
   191.2500      -64.94200     1
   202.5000      -64.94200     1
   213.7500      -64.94200     1
   225.0000      -64.94200     1
   236.2500      -64.94200     1
   247.5000      -64.94200     1
   258.7500      -64.94200     1
   270.0000      -64.94200     1
   281.2500      -64.94200     1
   292.5000      -64.94200     1
   303.7500      -64.94200     1
   315.0000      -64.94200     1
   326.2500      -64.94200     1
   337.5000      -64.94200     1
   348.7500      -64.94200     1
  0.0000000E+00  -53.81000     1
   11.25000      -53.81000     1
   22.50000      -53.81000     1
   33.75000      -53.81000     1
   45.00000      -53.81000     1
   56.25000      -53.81000     1
   67.50000      -53.81000     1
   78.75000      -53.81000     1
   90.00000      -53.81000     1
   101.2500      -53.81000     1
   112.5000      -53.81000     1
   123.7500      -53.81000     1
   135.0000      -53.81000     1
   146.2500      -53.81000     1
   157.5000      -53.81000     1
   168.7500      -53.81000     1
   180.0000      -53.81000     1
   191.2500      -53.81000     1
   202.5000      -53.81000     1
   213.7500      -53.81000     1
   225.0000      -53.81000     1
   236.2500      -53.81000     1
   247.5000      -53.81000     1
   258.7500      -53.81000     1
   270.0000      -53.81000     1
   281.2500      -53.81000     1
   292.5000      -53.81000     1
   303.7500      -53.81000     1
   315.0000      -53.81000     1
   326.2500      -53.81000     1
   337.5000      -53.81000     1
   348.7500      -53.81000     1
  0.0000000E+00  -42.67800     1
   11.25000      -42.67800     1
   22.50000      -42.67800     1
   33.75000      -42.67800     1
   45.00000      -42.67800     1
   56.25000      -42.67800     1
   67.50000      -42.67800     1
   78.75000      -42.67800     1
   90.00000      -42.67800     1
   101.2500      -42.67800     1
   112.5000      -42.67800     1
   123.7500      -42.67800     1
   135.0000      -42.67800     1
   146.2500      -42.67800     1
   157.5000      -42.67800     1
   168.7500      -42.67800     1
   180.0000      -42.67800     1
   191.2500      -42.67800     1
   202.5000      -42.67800     1
   213.7500      -42.67800     1
   225.0000      -42.67800     1
   236.2500      -42.67800     1
   247.5000      -42.67800     1
   258.7500      -42.67800     1
   270.0000      -42.67800     1
   281.2500      -42.67800     1
   292.5000      -42.67800     1
   303.7500      -42.67800     1
   315.0000      -42.67800     1
   326.2500      -42.67800     1
   337.5000      -42.67800     1
   348.7500      -42.67800     1
  0.0000000E+00  -31.54500     1
   11.25000      -31.54500     1
   22.50000      -31.54500     1
   33.75000      -31.54500     1
   45.00000      -31.54500     1
   56.25000      -31.54500     1
   67.50000      -31.54500     1
   78.75000      -31.54500     1
   90.00000      -31.54500     1
   101.2500      -31.54500     1
   112.5000      -31.54500     1
   123.7500      -31.54500     1
   135.0000      -31.54500     1
   146.2500      -31.54500     1
   157.5000      -31.54500     1
   168.7500      -31.54500     1
   180.0000      -31.54500     1
   191.2500      -31.54500     1
   202.5000      -31.54500     1
   213.7500      -31.54500     1
   225.0000      -31.54500     1
   236.2500      -31.54500     1
   247.5000      -31.54500     1
   258.7500      -31.54500     1
   270.0000      -31.54500     1
   281.2500      -31.54500     1
   292.5000      -31.54500     1
   303.7500      -31.54500     1
   315.0000      -31.54500     1
   326.2500      -31.54500     1
   337.5000      -31.54500     1
   348.7500      -31.54500     1
  0.0000000E+00  -20.41100     1
   11.25000      -20.41100     1
   22.50000      -20.41100     1
   33.75000      -20.41100     1
   45.00000      -20.41100     1
   56.25000      -20.41100     1
   67.50000      -20.41100     1
   78.75000      -20.41100     1
   90.00000      -20.41100     1
   101.2500      -20.41100     1
   112.5000      -20.41100     1
   247.5000      -20.41100     1
   258.7500      -20.41100     1
   270.0000      -20.41100     1
   281.2500      -20.41100     1
   292.5000      -20.41100     1
   303.7500      -20.41100     1
   315.0000      -20.41100     1
   326.2500      -20.41100     1
   337.5000      -20.41100     1
   348.7500      -20.41100     1
  0.0000000E+00  -9.278000     1
   11.25000      -9.278000     1
   22.50000      -9.278000     1
   33.75000      -9.278000     1
   45.00000      -9.278000     1
   56.25000      -9.278000     1
   67.50000      -9.278000     1
   78.75000      -9.278000     1
   90.00000      -9.278000     1
   101.2500      -9.278000     1
   112.5000      -9.278000     1
   247.5000      -9.278000     1
   258.7500      -9.278000     1
   270.0000      -9.278000     1
   281.2500      -9.278000     1
   292.5000      -9.278000     1
   303.7500      -9.278000     1
   315.0000      -9.278000     1
   326.2500      -9.278000     1
   337.5000      -9.278000     1
   348.7500      -9.278000     1
  0.0000000E+00   1.856000     1
   11.25000       1.856000     1
   22.50000       1.856000     1
   33.75000       1.856000     1
   45.00000       1.856000     1
   56.25000       1.856000     1
   67.50000       1.856000     1
   78.75000       1.856000     1
   90.00000       1.856000     1
   101.2500       1.856000     1
   112.5000       1.856000     1
   247.5000       1.856000     1
   258.7500       1.856000     1
   270.0000       1.856000     1
   281.2500       1.856000     1
   292.5000       1.856000     1
   303.7500       1.856000     1
   315.0000       1.856000     1
   326.2500       1.856000     1
   337.5000       1.856000     1
   348.7500       1.856000     1
  0.0000000E+00   12.98900     1
   11.25000       12.98900     1
   22.50000       12.98900     1
   33.75000       12.98900     1
   45.00000       12.98900     1
   56.25000       12.98900     1
   67.50000       12.98900     1
   78.75000       12.98900     1
   90.00000       12.98900     1
   101.2500       12.98900     1
   112.5000       12.98900     1
   247.5000       12.98900     1
   258.7500       12.98900     1
   270.0000       12.98900     1
   281.2500       12.98900     1
   292.5000       12.98900     1
   303.7500       12.98900     1
   315.0000       12.98900     1
   326.2500       12.98900     1
   337.5000       12.98900     1
   348.7500       12.98900     1
  0.0000000E+00   24.12200     1
   11.25000       24.12200     1
   22.50000       24.12200     1
   33.75000       24.12200     1
   45.00000       24.12200     1
   56.25000       24.12200     1
   67.50000       24.12200     1
   78.75000       24.12200     1
   90.00000       24.12200     1
   101.2500       24.12200     1
   112.5000       24.12200     1
   247.5000       24.12200     1
   258.7500       24.12200     1
   270.0000       24.12200     1
   281.2500       24.12200     1
   292.5000       24.12200     1
   303.7500       24.12200     1
   315.0000       24.12200     1
   326.2500       24.12200     1
   337.5000       24.12200     1
   348.7500       24.12200     1
  0.0000000E+00   35.25600     1
   11.25000       35.25600     1
   22.50000       35.25600     1
   33.75000       35.25600     1
   45.00000       35.25600     1
   56.25000       35.25600     1
   67.50000       35.25600     1
   78.75000       35.25600     1
   90.00000       35.25600     1
   101.2500       35.25600     1
   112.5000       35.25600     1
   123.7500       35.25600     1
   135.0000       35.25600     1
   146.2500       35.25600     1
   157.5000       35.25600     1
   168.7500       35.25600     1
   180.0000       35.25600     1
   191.2500       35.25600     1
   202.5000       35.25600     1
   213.7500       35.25600     1
   225.0000       35.25600     1
   236.2500       35.25600     1
   247.5000       35.25600     1
   258.7500       35.25600     1
   270.0000       35.25600     1
   281.2500       35.25600     1
   292.5000       35.25600     1
   303.7500       35.25600     1
   315.0000       35.25600     1
   326.2500       35.25600     1
   337.5000       35.25600     1
   348.7500       35.25600     1
  0.0000000E+00   46.38900     1
   11.25000       46.38900     1
   22.50000       46.38900     1
   33.75000       46.38900     1
   45.00000       46.38900     1
   56.25000       46.38900     1
   67.50000       46.38900     1
   78.75000       46.38900     1
   90.00000       46.38900     1
   101.2500       46.38900     1
   112.5000       46.38900     1
   123.7500       46.38900     1
   135.0000       46.38900     1
   146.2500       46.38900     1
   157.5000       46.38900     1
   168.7500       46.38900     1
   180.0000       46.38900     1
   191.2500       46.38900     1
   202.5000       46.38900     1
   213.7500       46.38900     1
   225.0000       46.38900     1
   236.2500       46.38900     1
   247.5000       46.38900     1
   258.7500       46.38900     1
   270.0000       46.38900     1
   281.2500       46.38900     1
   292.5000       46.38900     1
   303.7500       46.38900     1
   315.0000       46.38900     1
   326.2500       46.38900     1
   337.5000       46.38900     1
   348.7500       46.38900     1
  0.0000000E+00   57.52100     1
   11.25000       57.52100     1
   22.50000       57.52100     1
   33.75000       57.52100     1
   45.00000       57.52100     1
   56.25000       57.52100     1
   67.50000       57.52100     1
   78.75000       57.52100     1
   90.00000       57.52100     1
   101.2500       57.52100     1
   112.5000       57.52100     1
   123.7500       57.52100     1
   135.0000       57.52100     1
   146.2500       57.52100     1
   157.5000       57.52100     1
   168.7500       57.52100     1
   180.0000       57.52100     1
   191.2500       57.52100     1
   202.5000       57.52100     1
   213.7500       57.52100     1
   225.0000       57.52100     1
   236.2500       57.52100     1
   247.5000       57.52100     1
   258.7500       57.52100     1
   270.0000       57.52100     1
   281.2500       57.52100     1
   292.5000       57.52100     1
   303.7500       57.52100     1
   315.0000       57.52100     1
   326.2500       57.52100     1
   337.5000       57.52100     1
   348.7500       57.52100     1
  0.0000000E+00   68.65200     1
   11.25000       68.65200     1
   22.50000       68.65200     1
   33.75000       68.65200     1
   45.00000       68.65200     1
   56.25000       68.65200     1
   67.50000       68.65200     1
   78.75000       68.65200     1
   90.00000       68.65200     1
   101.2500       68.65200     1
   112.5000       68.65200     1
   123.7500       68.65200     1
   135.0000       68.65200     1
   146.2500       68.65200     1
   157.5000       68.65200     1
   168.7500       68.65200     1
   180.0000       68.65200     1
   191.2500       68.65200     1
   202.5000       68.65200     1
   213.7500       68.65200     1
   225.0000       68.65200     1
   236.2500       68.65200     1
   247.5000       68.65200     1
   258.7500       68.65200     1
   270.0000       68.65200     1
   281.2500       68.65200     1
   292.5000       68.65200     1
   303.7500       68.65200     1
   315.0000       68.65200     1
   326.2500       68.65200     1
   337.5000       68.65200     1
   348.7500       68.65200     1
